#Anas_platyrhynchos	Anas_acuta	Coturnix_japonica	Gallus_gallus	Lagopus_muta	Phasianus_colchicus	Tympanuchus_pallidicinctus	Alectoris_chukar	Numida_meleagris	Penelope_pileata	Cyrtonyx_montezumae	Callipepla_squamata	Odontophorus_gujanensis	Alectura_lathami	Patagioenas_fasciata	Streptopelia_turtur	Columba_livia	Streptopelia_decaocto
1.0	0.9936	0.9572	0.957	0.9571	0.9609	0.9613	0.9589	0.9656	0.9669	0.9514	0.9581	0.9628	0.9606	0.9473	0.9635	0.9514	0.9518
0.9936	1.0	0.955	0.9548	0.9546	0.9587	0.9587	0.9564	0.9628	0.9643	0.9492	0.9558	0.9601	0.9578	0.9457	0.961	0.9494	0.9499
0.9572	0.955	1.0	0.9723	0.973	0.9796	0.9759	0.9741	0.9729	0.9684	0.9642	0.9719	0.9761	0.9553	0.9464	0.96	0.9477	0.9473
0.957	0.9548	0.9723	1.0	0.9728	0.9776	0.9759	0.9743	0.975	0.9694	0.9635	0.9705	0.9742	0.9564	0.9425	0.9568	0.9449	0.9448
0.9571	0.9546	0.973	0.9728	1.0	0.9813	0.9896	0.9739	0.9752	0.9701	0.9644	0.9707	0.9753	0.9575	0.9427	0.9575	0.9447	0.9445
0.9609	0.9587	0.9796	0.9776	0.9813	1.0	0.9843	0.9773	0.9786	0.9735	0.9692	0.9766	0.9805	0.9598	0.9472	0.9612	0.9492	0.9494
0.9613	0.9587	0.9759	0.9759	0.9896	0.9843	1.0	0.977	0.9789	0.9741	0.9676	0.9742	0.979	0.9618	0.9464	0.9616	0.9488	0.9488
0.9589	0.9564	0.9741	0.9743	0.9739	0.9773	0.977	1.0	0.9772	0.9717	0.9637	0.971	0.9751	0.9597	0.9443	0.9594	0.9467	0.9463
0.9656	0.9628	0.9729	0.975	0.9752	0.9786	0.9789	0.9772	1.0	0.979	0.9681	0.9751	0.9806	0.9679	0.9491	0.9655	0.952	0.9519
0.9669	0.9643	0.9684	0.9694	0.9701	0.9735	0.9741	0.9717	0.979	1.0	0.9639	0.9717	0.9766	0.9697	0.9507	0.9658	0.9527	0.9526
0.9514	0.9492	0.9642	0.9635	0.9644	0.9692	0.9676	0.9637	0.9681	0.9639	1.0	0.9737	0.9776	0.9505	0.9372	0.9509	0.9388	0.9386
0.9581	0.9558	0.9719	0.9705	0.9707	0.9766	0.9742	0.971	0.9751	0.9717	0.9737	1.0	0.9826	0.9581	0.9441	0.9578	0.9465	0.9465
0.9628	0.9601	0.9761	0.9742	0.9753	0.9805	0.979	0.9751	0.9806	0.9766	0.9776	0.9826	1.0	0.9635	0.9481	0.963	0.9493	0.949
0.9606	0.9578	0.9553	0.9564	0.9575	0.9598	0.9618	0.9597	0.9679	0.9697	0.9505	0.9581	0.9635	1.0	0.9435	0.96	0.9471	0.9468
0.9473	0.9457	0.9464	0.9425	0.9427	0.9472	0.9464	0.9443	0.9491	0.9507	0.9372	0.9441	0.9481	0.9435	1.0	0.9728	0.9656	0.9659
0.9635	0.961	0.96	0.9568	0.9575	0.9612	0.9616	0.9594	0.9655	0.9658	0.9509	0.9578	0.963	0.96	0.9728	1.0	0.9792	0.9826
0.9514	0.9494	0.9477	0.9449	0.9447	0.9492	0.9488	0.9467	0.952	0.9527	0.9388	0.9465	0.9493	0.9471	0.9656	0.9792	1.0	0.977
0.9518	0.9499	0.9473	0.9448	0.9445	0.9494	0.9488	0.9463	0.9519	0.9526	0.9386	0.9465	0.949	0.9468	0.9659	0.9826	0.977	1.0
