#Anas crecca	Anser anser	Branta canadensis	Cygnus columbianus	Arborophila rufipectus	Gallus gallus	Francolinus pintadeanus	Pavo cristatus	Pavo muticus	Crossoptilon crossoptilon	Crossoptilon harmani	Crossoptilon mantchuricum	Lophura ignita	Lophura nycthemera	Phasianus colchicus	Phasianus versicolor	Syrmaticus ellioti	Syrmaticus humiae	Syrmaticus soemmerringi	Syrmaticus reevesii	Lophophorus impejanus	Tetraophasis obscurus	Lyrurus tetrix	Tetrastes sewerzowi	Polyplectron bicalcaratum	Polyplectron germaini	Polyplectron malacense	Polyplectron napoleonis	Coturnix japonica	Coturnix chinensis	Tetraogallus himalayensis	Tetraogallus tibetanus	Perdix hodgsoniae	Perdix perdix	Acryllium vulturinum	Agelastes niger	Numida meleagris	Colinus virginianus	Callipepla douglasii	Callipepla californica	Dactylortyx thoracicus	Ptilopachus petrosus	Crax daubentoni	Crax rubra	Penelopina nigra	Aepypodius arfakianus	Alectura lathami	Talegalla fuscirostris	Zenaida macroura	Streptopelia decaocto	Streptopelia chinensis	Patagioenas fasciata	Geopelia striata
1.0	0.8516	0.8614	0.8486	0.7093	0.718	0.7167	0.7187	0.7183	0.7165	0.7168	0.7175	0.7167	0.717	0.7165	0.7169	0.7158	0.7158	0.7142	0.7161	0.7161	0.7161	0.7109	0.7106	0.718	0.718	0.7158	0.7156	0.7167	0.7133	0.7154	0.7156	0.7165	0.7057	0.7189	0.7228	0.7206	0.7172	0.7159	0.7157	0.7144	0.7172	0.7215	0.7242	0.7226	0.7226	0.7228	0.7277	0.7595	0.7578	0.7643	0.7449	0.7306
0.8516	1.0	0.9086	0.8737	0.6831	0.6912	0.6882	0.6919	0.6896	0.6875	0.6877	0.6881	0.6871	0.6893	0.6879	0.688	0.6887	0.6883	0.6864	0.6898	0.6883	0.6876	0.6818	0.6833	0.6908	0.6899	0.69	0.6881	0.6917	0.6854	0.6888	0.6887	0.6853	0.6775	0.691	0.6928	0.6901	0.6887	0.6879	0.6872	0.6844	0.6892	0.6932	0.6954	0.697	0.6948	0.6944	0.6989	0.7359	0.7374	0.741	0.7231	0.7105
0.8614	0.9086	1.0	0.8809	0.6912	0.6972	0.6966	0.6976	0.6952	0.695	0.6952	0.6952	0.6942	0.6958	0.6928	0.6932	0.6939	0.6939	0.6925	0.6949	0.6961	0.6956	0.6917	0.6914	0.6971	0.6967	0.6963	0.6962	0.6963	0.6913	0.6951	0.6946	0.6917	0.6839	0.6986	0.703	0.6991	0.6969	0.6971	0.6962	0.6923	0.6964	0.7004	0.7026	0.7055	0.7033	0.7034	0.7079	0.7455	0.7462	0.7507	0.7328	0.7197
0.8486	0.8737	0.8809	1.0	0.6787	0.6885	0.6854	0.687	0.6854	0.6844	0.6848	0.6844	0.6861	0.6876	0.6844	0.6843	0.6855	0.6854	0.6856	0.685	0.6861	0.6851	0.6823	0.6822	0.6878	0.6871	0.6891	0.6857	0.688	0.6849	0.6867	0.6876	0.6825	0.6744	0.69	0.6928	0.6885	0.687	0.6843	0.6847	0.6815	0.6877	0.6942	0.6959	0.6927	0.6922	0.6926	0.6959	0.7325	0.7335	0.7379	0.72	0.7064
0.7093	0.6831	0.6912	0.6787	1.0	0.8608	0.8599	0.8627	0.8621	0.8545	0.8546	0.8535	0.8563	0.8582	0.8537	0.8553	0.8535	0.8534	0.8554	0.8516	0.8608	0.8628	0.8499	0.847	0.8613	0.8601	0.8582	0.8593	0.8547	0.8537	0.857	0.8598	0.8475	0.8377	0.8532	0.8531	0.851	0.8422	0.8409	0.8424	0.8384	0.8428	0.8166	0.817	0.817	0.8084	0.8071	0.8134	0.6666	0.6678	0.6768	0.6595	0.644
0.718	0.6912	0.6972	0.6885	0.8608	1.0	0.9015	0.887	0.8868	0.8735	0.8736	0.8728	0.8748	0.8759	0.8751	0.8753	0.8722	0.8724	0.8763	0.8735	0.8823	0.8843	0.867	0.8623	0.8789	0.8784	0.8793	0.8764	0.8701	0.8682	0.8786	0.8786	0.8648	0.8526	0.8643	0.869	0.8632	0.854	0.854	0.852	0.8491	0.852	0.8238	0.8241	0.8288	0.8164	0.8159	0.8213	0.6789	0.6751	0.6845	0.6652	0.652
0.7167	0.6882	0.6966	0.6854	0.8599	0.9015	1.0	0.8886	0.8876	0.874	0.8744	0.8727	0.8758	0.8771	0.8719	0.8724	0.8732	0.8733	0.8743	0.8689	0.8814	0.8816	0.8663	0.8622	0.8789	0.8778	0.8772	0.8757	0.8742	0.8685	0.8767	0.8786	0.8641	0.852	0.8631	0.8671	0.8631	0.8527	0.8518	0.8514	0.8494	0.852	0.8248	0.8256	0.8251	0.8157	0.8165	0.8243	0.6771	0.6733	0.6872	0.6676	0.6512
0.7187	0.6919	0.6976	0.687	0.8627	0.887	0.8886	1.0	0.9736	0.8771	0.8773	0.8758	0.8805	0.8816	0.876	0.8766	0.875	0.8752	0.8769	0.8735	0.8851	0.8883	0.8699	0.8677	0.8834	0.8824	0.8805	0.8804	0.8729	0.8702	0.879	0.8796	0.868	0.857	0.8678	0.8695	0.8665	0.8558	0.8547	0.8543	0.8536	0.854	0.8268	0.8273	0.8286	0.8176	0.8177	0.8236	0.679	0.6771	0.6879	0.6668	0.654
0.7183	0.6896	0.6952	0.6854	0.8621	0.8868	0.8876	0.9736	1.0	0.8766	0.8766	0.876	0.8785	0.8806	0.8758	0.8763	0.8748	0.8752	0.8766	0.8727	0.8846	0.8874	0.8691	0.8649	0.8829	0.8823	0.8812	0.8807	0.8729	0.8688	0.878	0.8792	0.867	0.8557	0.869	0.8705	0.8673	0.8544	0.8544	0.8539	0.8516	0.8539	0.8258	0.8264	0.8279	0.8165	0.8163	0.821	0.6776	0.6753	0.6865	0.6645	0.6516
0.7165	0.6875	0.695	0.6844	0.8545	0.8735	0.874	0.8771	0.8766	1.0	0.998	0.9762	0.9321	0.9331	0.9217	0.9224	0.9126	0.9123	0.913	0.9117	0.8916	0.8921	0.8786	0.8751	0.8751	0.8733	0.8756	0.8724	0.8618	0.8614	0.8705	0.872	0.8733	0.8615	0.8632	0.8614	0.8599	0.85	0.8493	0.8492	0.8467	0.8488	0.8235	0.8244	0.8245	0.8181	0.8163	0.8207	0.6745	0.6727	0.6844	0.6648	0.6489
0.7168	0.6877	0.6952	0.6848	0.8546	0.8736	0.8744	0.8773	0.8766	0.998	1.0	0.976	0.9322	0.9332	0.9219	0.9224	0.9126	0.9123	0.9132	0.9122	0.8919	0.8923	0.8791	0.8754	0.8754	0.8736	0.8759	0.8726	0.862	0.8617	0.8706	0.8721	0.8734	0.8617	0.8634	0.8616	0.8601	0.8499	0.8494	0.8496	0.8466	0.8493	0.8238	0.8247	0.8246	0.8183	0.8166	0.8211	0.6748	0.6729	0.6848	0.6651	0.6492
0.7175	0.6881	0.6952	0.6844	0.8535	0.8728	0.8727	0.8758	0.876	0.9762	0.976	1.0	0.9327	0.9327	0.9217	0.9219	0.912	0.9119	0.9129	0.9107	0.892	0.8914	0.8775	0.8754	0.8756	0.8734	0.8749	0.8724	0.8616	0.8617	0.8707	0.8715	0.8735	0.8623	0.8635	0.8614	0.8597	0.8496	0.8502	0.8498	0.8464	0.8479	0.8223	0.8233	0.8229	0.8184	0.8162	0.8202	0.6737	0.6723	0.6837	0.6646	0.6478
0.7167	0.6871	0.6942	0.6861	0.8563	0.8748	0.8758	0.8805	0.8785	0.9321	0.9322	0.9327	1.0	0.9579	0.9272	0.9292	0.9184	0.9183	0.9157	0.9116	0.8937	0.8926	0.882	0.8795	0.8748	0.8726	0.8746	0.8731	0.8655	0.8627	0.8721	0.8731	0.8777	0.8649	0.8643	0.8636	0.8594	0.8513	0.8503	0.8503	0.8487	0.8505	0.8228	0.8235	0.8245	0.8193	0.8173	0.8228	0.6773	0.6759	0.6863	0.6685	0.6513
0.717	0.6893	0.6958	0.6876	0.8582	0.8759	0.8771	0.8816	0.8806	0.9331	0.9332	0.9327	0.9579	1.0	0.9268	0.9278	0.9169	0.9168	0.9169	0.9127	0.8949	0.8948	0.8802	0.8773	0.8768	0.8758	0.8754	0.8761	0.8667	0.863	0.8725	0.8725	0.8778	0.8655	0.8645	0.8641	0.8606	0.8521	0.8502	0.8503	0.8508	0.8503	0.8235	0.8231	0.8254	0.8206	0.8194	0.8229	0.6766	0.6766	0.686	0.6672	0.6518
0.7165	0.6879	0.6928	0.6844	0.8537	0.8751	0.8719	0.876	0.8758	0.9217	0.9219	0.9217	0.9272	0.9268	1.0	0.9785	0.9125	0.9125	0.9111	0.9087	0.8913	0.8919	0.882	0.8767	0.8725	0.8706	0.8727	0.8703	0.8651	0.8621	0.8692	0.8681	0.8748	0.8623	0.8635	0.8622	0.8576	0.8502	0.8508	0.8484	0.8484	0.8477	0.8226	0.8233	0.8235	0.8152	0.8149	0.8211	0.6748	0.6737	0.6845	0.6655	0.65
0.7169	0.688	0.6932	0.6843	0.8553	0.8753	0.8724	0.8766	0.8763	0.9224	0.9224	0.9219	0.9292	0.9278	0.9785	1.0	0.9134	0.9134	0.9123	0.9095	0.8918	0.8925	0.8827	0.8771	0.8734	0.871	0.8726	0.8708	0.8657	0.8615	0.87	0.8689	0.8749	0.8629	0.8641	0.8627	0.8571	0.8511	0.8505	0.8487	0.8482	0.8488	0.8238	0.8243	0.8246	0.8155	0.8148	0.8207	0.674	0.6752	0.6838	0.6653	0.6496
0.7158	0.6887	0.6939	0.6855	0.8535	0.8722	0.8732	0.875	0.8748	0.9126	0.9126	0.912	0.9184	0.9169	0.9125	0.9134	1.0	0.998	0.9258	0.9243	0.8924	0.8894	0.8789	0.8752	0.8698	0.8688	0.8707	0.8706	0.862	0.8591	0.8691	0.8696	0.8766	0.8654	0.8616	0.86	0.8568	0.8477	0.8463	0.8471	0.8477	0.8466	0.8225	0.8224	0.8217	0.8145	0.814	0.8192	0.6733	0.6727	0.6828	0.665	0.6489
0.7158	0.6883	0.6939	0.6854	0.8534	0.8724	0.8733	0.8752	0.8752	0.9123	0.9123	0.9119	0.9183	0.9168	0.9125	0.9134	0.998	1.0	0.9262	0.9242	0.8922	0.8893	0.8789	0.8752	0.8701	0.8692	0.871	0.8705	0.8621	0.8594	0.869	0.8697	0.8767	0.8656	0.8619	0.86	0.8567	0.8477	0.8461	0.8471	0.8474	0.8469	0.8225	0.8225	0.8219	0.8146	0.8141	0.819	0.673	0.6723	0.6824	0.6648	0.6485
0.7142	0.6864	0.6925	0.6856	0.8554	0.8763	0.8743	0.8769	0.8766	0.913	0.9132	0.9129	0.9157	0.9169	0.9111	0.9123	0.9258	0.9262	1.0	0.9223	0.8924	0.8901	0.8801	0.8795	0.8747	0.8726	0.8741	0.8708	0.8639	0.861	0.87	0.8725	0.8763	0.8646	0.8628	0.8605	0.859	0.8493	0.8478	0.8478	0.8451	0.8486	0.8231	0.8235	0.8235	0.8152	0.8145	0.8183	0.6746	0.6744	0.6841	0.6648	0.6504
0.7161	0.6898	0.6949	0.685	0.8516	0.8735	0.8689	0.8735	0.8727	0.9117	0.9122	0.9107	0.9116	0.9127	0.9087	0.9095	0.9243	0.9242	0.9223	1.0	0.8907	0.8887	0.8769	0.8745	0.8707	0.8692	0.8693	0.8691	0.8609	0.8569	0.8681	0.8672	0.8749	0.8638	0.8594	0.8603	0.8583	0.8456	0.8469	0.8465	0.8455	0.8464	0.8215	0.8235	0.8235	0.8166	0.816	0.8193	0.6745	0.6737	0.6838	0.6666	0.6504
0.7161	0.6883	0.6961	0.6861	0.8608	0.8823	0.8814	0.8851	0.8846	0.8916	0.8919	0.892	0.8937	0.8949	0.8913	0.8918	0.8924	0.8922	0.8924	0.8907	1.0	0.9166	0.8828	0.8796	0.8823	0.8806	0.8818	0.8809	0.8697	0.8672	0.8761	0.8766	0.8765	0.8668	0.8665	0.8665	0.8643	0.8521	0.8516	0.853	0.8506	0.8524	0.8226	0.8243	0.8253	0.8165	0.8164	0.8213	0.6759	0.6757	0.687	0.6673	0.6496
0.7161	0.6876	0.6956	0.6851	0.8628	0.8843	0.8816	0.8883	0.8874	0.8921	0.8923	0.8914	0.8926	0.8948	0.8919	0.8925	0.8894	0.8893	0.8901	0.8887	0.9166	1.0	0.8807	0.8765	0.8821	0.8818	0.8813	0.8809	0.8696	0.8647	0.8794	0.879	0.8801	0.8679	0.8673	0.8677	0.8669	0.8524	0.8504	0.8504	0.8497	0.8519	0.8251	0.8273	0.8277	0.8173	0.8179	0.8232	0.6768	0.6743	0.6862	0.6665	0.6524
0.7109	0.6818	0.6917	0.6823	0.8499	0.867	0.8663	0.8699	0.8691	0.8786	0.8791	0.8775	0.882	0.8802	0.882	0.8827	0.8789	0.8789	0.8801	0.8769	0.8828	0.8807	1.0	0.8945	0.8659	0.8647	0.8661	0.8629	0.8565	0.857	0.8609	0.8621	0.8638	0.853	0.8525	0.8546	0.8488	0.8434	0.8435	0.8432	0.839	0.8408	0.8182	0.8184	0.8183	0.8122	0.811	0.8145	0.6713	0.671	0.6796	0.6629	0.647
0.7106	0.6833	0.6914	0.6822	0.847	0.8623	0.8622	0.8677	0.8649	0.8751	0.8754	0.8754	0.8795	0.8773	0.8767	0.8771	0.8752	0.8752	0.8795	0.8745	0.8796	0.8765	0.8945	1.0	0.8605	0.8601	0.8603	0.8591	0.8562	0.8544	0.8618	0.8618	0.8617	0.8494	0.8524	0.8506	0.8487	0.8441	0.8439	0.8438	0.8387	0.839	0.8168	0.8162	0.8196	0.8096	0.8098	0.8133	0.6692	0.6695	0.6803	0.6621	0.6454
0.718	0.6908	0.6971	0.6878	0.8613	0.8789	0.8789	0.8834	0.8829	0.8751	0.8754	0.8756	0.8748	0.8768	0.8725	0.8734	0.8698	0.8701	0.8747	0.8707	0.8823	0.8821	0.8659	0.8605	1.0	0.9743	0.9494	0.9425	0.8668	0.8631	0.8763	0.8764	0.8657	0.8546	0.8646	0.8636	0.8616	0.8501	0.8486	0.8479	0.8491	0.8479	0.8272	0.8278	0.8274	0.8195	0.8192	0.8226	0.6756	0.6728	0.6843	0.6657	0.651
0.718	0.6899	0.6967	0.6871	0.8601	0.8784	0.8778	0.8824	0.8823	0.8733	0.8736	0.8734	0.8726	0.8758	0.8706	0.871	0.8688	0.8692	0.8726	0.8692	0.8806	0.8818	0.8647	0.8601	0.9743	1.0	0.9493	0.9429	0.8659	0.8633	0.8751	0.8747	0.8638	0.8529	0.864	0.8638	0.8615	0.8476	0.8494	0.8473	0.8472	0.8485	0.8258	0.8269	0.8269	0.8192	0.8193	0.8223	0.6758	0.6725	0.6843	0.665	0.6512
0.7158	0.69	0.6963	0.6891	0.8582	0.8793	0.8772	0.8805	0.8812	0.8756	0.8759	0.8749	0.8746	0.8754	0.8727	0.8726	0.8707	0.871	0.8741	0.8693	0.8818	0.8813	0.8661	0.8603	0.9494	0.9493	1.0	0.9416	0.8683	0.8623	0.8765	0.8753	0.8642	0.8533	0.8654	0.8655	0.8619	0.8485	0.8477	0.8473	0.8467	0.8492	0.8259	0.8278	0.8279	0.818	0.8173	0.821	0.6752	0.6713	0.6835	0.6637	0.6498
0.7156	0.6881	0.6962	0.6857	0.8593	0.8764	0.8757	0.8804	0.8807	0.8724	0.8726	0.8724	0.8731	0.8761	0.8703	0.8708	0.8706	0.8705	0.8708	0.8691	0.8809	0.8809	0.8629	0.8591	0.9425	0.9429	0.9416	1.0	0.8653	0.8624	0.876	0.8752	0.8641	0.8534	0.8627	0.8623	0.861	0.8477	0.8471	0.8471	0.8472	0.8465	0.8244	0.8262	0.8253	0.8152	0.8159	0.821	0.6731	0.6692	0.6819	0.6632	0.6502
0.7167	0.6917	0.6963	0.688	0.8547	0.8701	0.8742	0.8729	0.8729	0.8618	0.862	0.8616	0.8655	0.8667	0.8651	0.8657	0.862	0.8621	0.8639	0.8609	0.8697	0.8696	0.8565	0.8562	0.8668	0.8659	0.8683	0.8653	1.0	0.9045	0.8852	0.8864	0.8581	0.8478	0.857	0.8567	0.8567	0.8484	0.8472	0.8457	0.842	0.8446	0.8222	0.8221	0.8244	0.8127	0.8127	0.8197	0.6739	0.6725	0.6851	0.6637	0.6498
0.7133	0.6854	0.6913	0.6849	0.8537	0.8682	0.8685	0.8702	0.8688	0.8614	0.8617	0.8617	0.8627	0.863	0.8621	0.8615	0.8591	0.8594	0.861	0.8569	0.8672	0.8647	0.857	0.8544	0.8631	0.8633	0.8623	0.8624	0.9045	1.0	0.8816	0.8822	0.8557	0.8451	0.8534	0.8547	0.8519	0.8465	0.846	0.844	0.8409	0.844	0.819	0.8198	0.8223	0.8112	0.8108	0.8169	0.6714	0.6707	0.6842	0.6628	0.6472
0.7154	0.6888	0.6951	0.6867	0.857	0.8786	0.8767	0.879	0.878	0.8705	0.8706	0.8707	0.8721	0.8725	0.8692	0.87	0.8691	0.869	0.87	0.8681	0.8761	0.8794	0.8609	0.8618	0.8763	0.8751	0.8765	0.876	0.8852	0.8816	1.0	0.9528	0.862	0.8513	0.8639	0.8637	0.8606	0.8497	0.8498	0.8483	0.8478	0.8523	0.8277	0.8291	0.8287	0.8166	0.8158	0.8228	0.6756	0.6744	0.6853	0.6648	0.651
0.7156	0.6887	0.6946	0.6876	0.8598	0.8786	0.8786	0.8796	0.8792	0.872	0.8721	0.8715	0.8731	0.8725	0.8681	0.8689	0.8696	0.8697	0.8725	0.8672	0.8766	0.879	0.8621	0.8618	0.8764	0.8747	0.8753	0.8752	0.8864	0.8822	0.9528	1.0	0.8635	0.8522	0.8651	0.8662	0.862	0.85	0.8491	0.8487	0.8497	0.8525	0.8276	0.828	0.8284	0.8164	0.8165	0.8231	0.6762	0.6751	0.6846	0.666	0.6534
0.7165	0.6853	0.6917	0.6825	0.8475	0.8648	0.8641	0.868	0.867	0.8733	0.8734	0.8735	0.8777	0.8778	0.8748	0.8749	0.8766	0.8767	0.8763	0.8749	0.8765	0.8801	0.8638	0.8617	0.8657	0.8638	0.8642	0.8641	0.8581	0.8557	0.862	0.8635	1.0	0.9495	0.8554	0.857	0.8526	0.8433	0.8421	0.842	0.8423	0.8386	0.8172	0.8177	0.8188	0.8112	0.8118	0.8171	0.6741	0.6691	0.6808	0.6631	0.6479
0.7057	0.6775	0.6839	0.6744	0.8377	0.8526	0.852	0.857	0.8557	0.8615	0.8617	0.8623	0.8649	0.8655	0.8623	0.8629	0.8654	0.8656	0.8646	0.8638	0.8668	0.8679	0.853	0.8494	0.8546	0.8529	0.8533	0.8534	0.8478	0.8451	0.8513	0.8522	0.9495	1.0	0.8436	0.8446	0.8398	0.8326	0.8318	0.8307	0.831	0.8284	0.8066	0.8069	0.8103	0.7994	0.8	0.8072	0.6644	0.6608	0.671	0.6557	0.64
0.7189	0.691	0.6986	0.69	0.8532	0.8643	0.8631	0.8678	0.869	0.8632	0.8634	0.8635	0.8643	0.8645	0.8635	0.8641	0.8616	0.8619	0.8628	0.8594	0.8665	0.8673	0.8525	0.8524	0.8646	0.864	0.8654	0.8627	0.857	0.8534	0.8639	0.8651	0.8554	0.8436	1.0	0.9239	0.9132	0.8529	0.8529	0.8538	0.8519	0.8543	0.8265	0.8284	0.8304	0.8192	0.8179	0.8231	0.6781	0.6763	0.685	0.6665	0.6521
0.7228	0.6928	0.703	0.6928	0.8531	0.869	0.8671	0.8695	0.8705	0.8614	0.8616	0.8614	0.8636	0.8641	0.8622	0.8627	0.86	0.86	0.8605	0.8603	0.8665	0.8677	0.8546	0.8506	0.8636	0.8638	0.8655	0.8623	0.8567	0.8547	0.8637	0.8662	0.857	0.8446	0.9239	1.0	0.9195	0.8553	0.8548	0.8544	0.8521	0.8559	0.8307	0.8313	0.8311	0.822	0.8213	0.825	0.6809	0.68	0.6901	0.669	0.6547
0.7206	0.6901	0.6991	0.6885	0.851	0.8632	0.8631	0.8665	0.8673	0.8599	0.8601	0.8597	0.8594	0.8606	0.8576	0.8571	0.8568	0.8567	0.859	0.8583	0.8643	0.8669	0.8488	0.8487	0.8616	0.8615	0.8619	0.861	0.8567	0.8519	0.8606	0.862	0.8526	0.8398	0.9132	0.9195	1.0	0.8554	0.8539	0.853	0.8517	0.8528	0.8262	0.8274	0.8284	0.8173	0.8168	0.8235	0.6772	0.675	0.6877	0.6664	0.6514
0.7172	0.6887	0.6969	0.687	0.8422	0.854	0.8527	0.8558	0.8544	0.85	0.8499	0.8496	0.8513	0.8521	0.8502	0.8511	0.8477	0.8477	0.8493	0.8456	0.8521	0.8524	0.8434	0.8441	0.8501	0.8476	0.8485	0.8477	0.8484	0.8465	0.8497	0.85	0.8433	0.8326	0.8529	0.8553	0.8554	1.0	0.9394	0.9371	0.8956	0.8579	0.8216	0.8208	0.8229	0.8133	0.8136	0.8188	0.6743	0.6732	0.6841	0.6642	0.6494
0.7159	0.6879	0.6971	0.6843	0.8409	0.854	0.8518	0.8547	0.8544	0.8493	0.8494	0.8502	0.8503	0.8502	0.8508	0.8505	0.8463	0.8461	0.8478	0.8469	0.8516	0.8504	0.8435	0.8439	0.8486	0.8494	0.8477	0.8471	0.8472	0.846	0.8498	0.8491	0.8421	0.8318	0.8529	0.8548	0.8539	0.9394	1.0	0.9578	0.8962	0.8567	0.8189	0.8196	0.8208	0.8127	0.812	0.8188	0.6752	0.6724	0.6853	0.6653	0.6502
0.7157	0.6872	0.6962	0.6847	0.8424	0.852	0.8514	0.8543	0.8539	0.8492	0.8496	0.8498	0.8503	0.8503	0.8484	0.8487	0.8471	0.8471	0.8478	0.8465	0.853	0.8504	0.8432	0.8438	0.8479	0.8473	0.8473	0.8471	0.8457	0.844	0.8483	0.8487	0.842	0.8307	0.8538	0.8544	0.853	0.9371	0.9578	1.0	0.8952	0.8556	0.821	0.822	0.8225	0.8121	0.8125	0.8171	0.6748	0.6713	0.6842	0.6649	0.6505
0.7144	0.6844	0.6923	0.6815	0.8384	0.8491	0.8494	0.8536	0.8516	0.8467	0.8466	0.8464	0.8487	0.8508	0.8484	0.8482	0.8477	0.8474	0.8451	0.8455	0.8506	0.8497	0.839	0.8387	0.8491	0.8472	0.8467	0.8472	0.842	0.8409	0.8478	0.8497	0.8423	0.831	0.8519	0.8521	0.8517	0.8956	0.8962	0.8952	1.0	0.8543	0.8184	0.8181	0.8188	0.8098	0.809	0.8153	0.6739	0.6706	0.6826	0.6631	0.6481
0.7172	0.6892	0.6964	0.6877	0.8428	0.852	0.852	0.854	0.8539	0.8488	0.8493	0.8479	0.8505	0.8503	0.8477	0.8488	0.8466	0.8469	0.8486	0.8464	0.8524	0.8519	0.8408	0.839	0.8479	0.8485	0.8492	0.8465	0.8446	0.844	0.8523	0.8525	0.8386	0.8284	0.8543	0.8559	0.8528	0.8579	0.8567	0.8556	0.8543	1.0	0.8212	0.8224	0.8224	0.8141	0.8134	0.8186	0.6743	0.6729	0.6838	0.6643	0.6514
0.7215	0.6932	0.7004	0.6942	0.8166	0.8238	0.8248	0.8268	0.8258	0.8235	0.8238	0.8223	0.8228	0.8235	0.8226	0.8238	0.8225	0.8225	0.8231	0.8215	0.8226	0.8251	0.8182	0.8168	0.8272	0.8258	0.8259	0.8244	0.8222	0.819	0.8277	0.8276	0.8172	0.8066	0.8265	0.8307	0.8262	0.8216	0.8189	0.821	0.8184	0.8212	1.0	0.9703	0.9138	0.8344	0.8336	0.8368	0.6814	0.6776	0.6894	0.6704	0.6544
0.7242	0.6954	0.7026	0.6959	0.817	0.8241	0.8256	0.8273	0.8264	0.8244	0.8247	0.8233	0.8235	0.8231	0.8233	0.8243	0.8224	0.8225	0.8235	0.8235	0.8243	0.8273	0.8184	0.8162	0.8278	0.8269	0.8278	0.8262	0.8221	0.8198	0.8291	0.828	0.8177	0.8069	0.8284	0.8313	0.8274	0.8208	0.8196	0.822	0.8181	0.8224	0.9703	1.0	0.914	0.8348	0.8342	0.8397	0.6824	0.6802	0.6928	0.6734	0.6572
0.7226	0.697	0.7055	0.6927	0.817	0.8288	0.8251	0.8286	0.8279	0.8245	0.8246	0.8229	0.8245	0.8254	0.8235	0.8246	0.8217	0.8219	0.8235	0.8235	0.8253	0.8277	0.8183	0.8196	0.8274	0.8269	0.8279	0.8253	0.8244	0.8223	0.8287	0.8284	0.8188	0.8103	0.8304	0.8311	0.8284	0.8229	0.8208	0.8225	0.8188	0.8224	0.9138	0.914	1.0	0.8331	0.8345	0.8369	0.6826	0.6807	0.6915	0.6742	0.6558
0.7226	0.6948	0.7033	0.6922	0.8084	0.8164	0.8157	0.8176	0.8165	0.8181	0.8183	0.8184	0.8193	0.8206	0.8152	0.8155	0.8145	0.8146	0.8152	0.8166	0.8165	0.8173	0.8122	0.8096	0.8195	0.8192	0.818	0.8152	0.8127	0.8112	0.8166	0.8164	0.8112	0.7994	0.8192	0.822	0.8173	0.8133	0.8127	0.8121	0.8098	0.8141	0.8344	0.8348	0.8331	1.0	0.9689	0.9079	0.6786	0.6776	0.6876	0.6706	0.6539
0.7228	0.6944	0.7034	0.6926	0.8071	0.8159	0.8165	0.8177	0.8163	0.8163	0.8166	0.8162	0.8173	0.8194	0.8149	0.8148	0.814	0.8141	0.8145	0.816	0.8164	0.8179	0.811	0.8098	0.8192	0.8193	0.8173	0.8159	0.8127	0.8108	0.8158	0.8165	0.8118	0.8	0.8179	0.8213	0.8168	0.8136	0.812	0.8125	0.809	0.8134	0.8336	0.8342	0.8345	0.9689	1.0	0.9068	0.6799	0.6762	0.6876	0.6695	0.6549
0.7277	0.6989	0.7079	0.6959	0.8134	0.8213	0.8243	0.8236	0.821	0.8207	0.8211	0.8202	0.8228	0.8229	0.8211	0.8207	0.8192	0.819	0.8183	0.8193	0.8213	0.8232	0.8145	0.8133	0.8226	0.8223	0.821	0.821	0.8197	0.8169	0.8228	0.8231	0.8171	0.8072	0.8231	0.825	0.8235	0.8188	0.8188	0.8171	0.8153	0.8186	0.8368	0.8397	0.8369	0.9079	0.9068	1.0	0.683	0.6808	0.6908	0.6729	0.6582
0.7595	0.7359	0.7455	0.7325	0.6666	0.6789	0.6771	0.679	0.6776	0.6745	0.6748	0.6737	0.6773	0.6766	0.6748	0.674	0.6733	0.673	0.6746	0.6745	0.6759	0.6768	0.6713	0.6692	0.6756	0.6758	0.6752	0.6731	0.6739	0.6714	0.6756	0.6762	0.6741	0.6644	0.6781	0.6809	0.6772	0.6743	0.6752	0.6748	0.6739	0.6743	0.6814	0.6824	0.6826	0.6786	0.6799	0.683	1.0	0.8576	0.858	0.823	0.8194
0.7578	0.7374	0.7462	0.7335	0.6678	0.6751	0.6733	0.6771	0.6753	0.6727	0.6729	0.6723	0.6759	0.6766	0.6737	0.6752	0.6727	0.6723	0.6744	0.6737	0.6757	0.6743	0.671	0.6695	0.6728	0.6725	0.6713	0.6692	0.6725	0.6707	0.6744	0.6751	0.6691	0.6608	0.6763	0.68	0.675	0.6732	0.6724	0.6713	0.6706	0.6729	0.6776	0.6802	0.6807	0.6776	0.6762	0.6808	0.8576	1.0	0.8892	0.8347	0.8078
0.7643	0.741	0.7507	0.7379	0.6768	0.6845	0.6872	0.6879	0.6865	0.6844	0.6848	0.6837	0.6863	0.686	0.6845	0.6838	0.6828	0.6824	0.6841	0.6838	0.687	0.6862	0.6796	0.6803	0.6843	0.6843	0.6835	0.6819	0.6851	0.6842	0.6853	0.6846	0.6808	0.671	0.685	0.6901	0.6877	0.6841	0.6853	0.6842	0.6826	0.6838	0.6894	0.6928	0.6915	0.6876	0.6876	0.6908	0.858	0.8892	1.0	0.8383	0.8104
0.7449	0.7231	0.7328	0.72	0.6595	0.6652	0.6676	0.6668	0.6645	0.6648	0.6651	0.6646	0.6685	0.6672	0.6655	0.6653	0.665	0.6648	0.6648	0.6666	0.6673	0.6665	0.6629	0.6621	0.6657	0.665	0.6637	0.6632	0.6637	0.6628	0.6648	0.666	0.6631	0.6557	0.6665	0.669	0.6664	0.6642	0.6653	0.6649	0.6631	0.6643	0.6704	0.6734	0.6742	0.6706	0.6695	0.6729	0.823	0.8347	0.8383	1.0	0.7902
0.7306	0.7105	0.7197	0.7064	0.644	0.652	0.6512	0.654	0.6516	0.6489	0.6492	0.6478	0.6513	0.6518	0.65	0.6496	0.6489	0.6485	0.6504	0.6504	0.6496	0.6524	0.647	0.6454	0.651	0.6512	0.6498	0.6502	0.6498	0.6472	0.651	0.6534	0.6479	0.64	0.6521	0.6547	0.6514	0.6494	0.6502	0.6505	0.6481	0.6514	0.6544	0.6572	0.6558	0.6539	0.6549	0.6582	0.8194	0.8078	0.8104	0.7902	1.0
